period: 
DescriptiveStatistics:
n: 1130
min: 7.0
max: 560.0
mean: 42.05575221238954
std dev: 49.47805060065093
median: 28.0
skewness: 4.066949154645274
kurtosis: 29.982918686483373

 reliability: 
 DescriptiveStatistics:
n: 1130
min: 0.3333333333333333
max: 1.0
mean: 0.8147864963698275
std dev: 0.17206861616764665
median: 0.8
skewness: -0.23411797508121798
kurtosis: -1.373276903556323

 spread: 
 DescriptiveStatistics:
n: 1130
min: 3.6666665347538885
max: 44341.39343559788
mean: 4170.939289388987
std dev: 4686.684674499465
median: 2407.745398582574
skewness: 2.952957331628933
kurtosis: 12.055181257059436

 point_explained 
DescriptiveStatistics:
n: 1130
min: 0.0
max: 1.0
mean: 0.7079646017699112
std dev: 0.45489982602006496
median: 1.0
skewness: -0.9159525742449445
kurtosis: -1.1630925912855368

