period: 
DescriptiveStatistics:
n: 1228
min: 1.0
max: 562.0
mean: 37.79560260586311
std dev: 43.748817157176425
median: 22.0
skewness: 2.9898539671786533
kurtosis: 20.019654253818636

 reliability: 
 DescriptiveStatistics:
n: 1228
min: 0.3333333333333333
max: 1.0
mean: 0.7704509873070661
std dev: 0.17430292573211126
median: 0.75
skewness: 0.0987484740251246
kurtosis: -1.358598458572176

 spread: 
 DescriptiveStatistics:
n: 1228
min: 2.6666633759471945
max: 46865.10237590539
mean: 3273.7634892617075
std dev: 4289.7776366113885
median: 1838.536863904772
skewness: 3.681123023684678
kurtosis: 19.30579192953113

 point_explained 
DescriptiveStatistics:
n: 1228
min: 0.0
max: 1.0
mean: 0.8053745928338761
std dev: 0.39607335898116364
median: 1.0
skewness: -1.5445257803752457
kurtosis: 0.38618620011804605

