reliability: [0.7715601559841748, 0.8147864963698275, 0.7704509873070655]
spread: [3249.103247382705, 4170.939289388986, 3273.7634892617057]
journey_explained: [6628, 5787, 6459]
nb_journey: 18739
habit find: [1260, 1130, 1228]
